image_width: 640
image_height: 480
camera_name: logitech
camera_matrix:
  rows: 3
  cols: 3
  data: [ 904.013741,     0.     ,   255.922864,
             0.     ,  895.956681,   225.639583,
             0.     ,     0.     ,     1.     ]
distortion_model: plumb_bob
distortion_coefficients:
  rows: 1
  cols: 5
  data: [0.187201, 0.070111, -0.003204, -0.038769, 0.000000]
rectification_matrix:
  rows: 3
  cols: 3
  data: [ 1.,  0.,  0.,
          0.,  1.,  0.,
          0.,  0.,  1.]
projection_matrix:
  rows: 3
  cols: 4
  data: [ 925.444824,     0.     ,   245.246147,     0.     ,
             0.     ,  938.194946,   225.243100,     0.     ,
             0.     ,     0.     ,     1.     ,     0.     ]
