image_width: 1280
image_height: 720
camera_name: webcam
camera_matrix:
  rows: 3
  cols: 3
  data: [1471.356125701831, 0, 635.034140667532, 0, 1476.138925360698, 393.0939616495767, 0, 0, 1]
distortion_model: plumb_bob
distortion_coefficients:
  rows: 1
  cols: 5
  data: [0.1295519684285577, -0.03495112713100001, 0.00688123883638289, -0.01138934018999844, 0]
rectification_matrix:
  rows: 3
  cols: 3
  data: [1, 0, 0, 0, 1, 0, 0, 0, 1]
projection_matrix:
  rows: 3
  cols: 4
  data: [1514.890747070312, 0, 625.9242196725427, 0, 0, 1529.569213867188, 396.0448799724581, 0, 0, 0, 1, 0]
