image_width: 1280
image_height: 720
camera_name: camera
camera_matrix:
  rows: 3
  cols: 3
  data: [ 1452.46793,     0.     ,   628.57253,
             0.     ,  1454.40154,   365.09633,
             0.     ,     0.     ,     1.     ]
distortion_model: plumb_bob
distortion_coefficients:
  rows: 1
  cols: 5
  data: [0.090444, 0.043111, -0.003573, -0.010466, 0.000000]
rectification_matrix:
  rows: 3
  cols: 3
  data: [ 1.,  0.,  0.,
          0.,  1.,  0.,
          0.,  0.,  1.]
projection_matrix:
  rows: 3
  cols: 4
  data: [ 1489.63782,     0.     ,   620.12432,     0.     ,
             0.     ,  1500.95227,   363.2837 ,     0.     ,
             0.     ,     0.     ,     1.     ,     0.     ]
