# oST version 5.0 parameters


[image]

width
1280

height
720

[narrow_stereo]

camera matrix
1426.874566 0.000000 650.551615
0.000000 1424.950962 357.012484
0.000000 0.000000 1.000000

distortion
0.055800 0.062435 -0.007961 0.000662 0.000000

rectification
1.000000 0.000000 0.000000
0.000000 1.000000 0.000000
0.000000 0.000000 1.000000

projection
1458.081177 0.000000 650.799858 0.000000
0.000000 1450.990234 352.837631 0.000000
0.000000 0.000000 1.000000 0.000000
