image_width: 1280
image_height: 720
camera_name: camera
camera_matrix:
  rows: 3
  cols: 3
  data: [ 1471.35613,     0.     ,   635.03414,
             0.     ,  1476.13893,   393.09396,
             0.     ,     0.     ,     1.     ]
distortion_model: plumb_bob
distortion_coefficients:
  rows: 1
  cols: 5
  data: [0.129552, -0.034951, 0.006881, -0.011389, 0.000000]
rectification_matrix:
  rows: 3
  cols: 3
  data: [ 1.,  0.,  0.,
          0.,  1.,  0.,
          0.,  0.,  1.]
projection_matrix:
  rows: 3
  cols: 4
  data: [ 1514.89075,     0.     ,   625.92422,     0.     ,
             0.     ,  1529.56921,   396.04488,     0.     ,
             0.     ,     0.     ,     1.     ,     0.     ]
